local Intro = Instance.new("ScreenGui")
local Background = Instance.new("Frame")
local LoadFront = Instance.new("TextLabel")
local LoadingLabel = Instance.new("TextLabel")

Intro.Name = "Intro"
Intro.Parent = game.Players.LocalPlayer:WaitForChild("PlayerGui")

Background.Name = "Background"
Background.Parent = Intro
Background.BackgroundColor3 = Color3.fromRGB(0, 0, 0)
Background.BackgroundTransparency = 0.400
Background.Size = UDim2.new(1, 0, 1, 0)

LoadFront.Name = "LoadFront"
LoadFront.Parent = Background
LoadFront.BackgroundColor3 = Color3.fromRGB(68, 204, 0)
LoadFront.BorderColor3 = Color3.fromRGB(68, 204, 0)
LoadFront.Position = UDim2.new(0.999633968, 0, 0.520572901, 0)
LoadFront.Size = UDim2.new(0, 0, 0.100000001, 0)
LoadFront.Visible = false
LoadFront.Font = Enum.Font.SourceSans
LoadFront.Text = ""
LoadFront.TextScaled = true
LoadFront.TextSize = 14.000
LoadFront.TextWrapped = true

LoadingLabel.Name = "LoadingLabel"
LoadingLabel.Parent = Background
LoadingLabel.BackgroundColor3 = Color3.fromRGB(255, 255, 255)
LoadingLabel.BackgroundTransparency = 1.000
LoadingLabel.Position = UDim2.new(0.25, 0, 0.449999988, 0)
LoadingLabel.Size = UDim2.new(0.5, 0, 0.100000001, 0)
LoadingLabel.Font = Enum.Font.SourceSansBold
LoadingLabel.Text = "Loading"
LoadingLabel.TextColor3 = Color3.fromRGB(255, 255, 255)
LoadingLabel.TextScaled = true
LoadingLabel.TextSize = 14.000
LoadingLabel.TextWrapped = true

-- Scripts:

local function ZXWOXW_fake_script() -- LoadFront.Script 
	local script = Instance.new('Script', LoadFront)

	-- This makes the loading bar fill up. Don't touch anything here!
	local prog = 0
	
	while wait() do
		prog = prog + 0.5
		script.Parent.Size = UDim2.new(prog/100, 0, 0.1, 0)
		script.Parent.Parent.LoadingLabel.Text = ("Loading... " ..math.floor(prog*2).. "%")
		if prog == 50 then
			wait(1)
			script.Parent.Parent.Parent:Destroy()
		end
	end
end
coroutine.wrap(ZXWOXW_fake_script)()


wait(10)

Intro:Destroy()





















xwd = game:GetService("MarketplaceService"):GetProductInfo(game.PlaceId)
Gamename = xwd.Name
local games = {
   [game.PlaceId] = {
      Title = "Blox Fruits",
      Icons = "rbxassetid://7607745682",
      Welcome = function()
            return tostring(
              ""
                   ..
                        Gamename.. "!" .. " \nMaster Hub [FREE]".."\n discord : https://discord.gg/H5r5naRw"                        
            )
      end
   }
}
if games[game.PlaceId] then
   if games[game.PlaceId].Title == "Blox Fruits" then
      local function notify(types, ...)
            if types == "Notify" then  
               require(game.ReplicatedStorage.Notification).new(...):Display()
            end
      end
      notify("Notify", games[game.PlaceId].Welcome())
   end
end

NANE = "\224\184\138\224\185\136\224\184\178\224\184\135\224\185\128\224\184\173\224\185\135\224\184\129 \224\185\132\224\184\161\224\185\136\224\185\131\224\184\138\224\185\136\224\184\161\224\184\178\224\184\153\224\184\184\224\184\148"

if game.CoreGui:FindFirstChild(NANE) then
    game.CoreGui:FindFirstChild(NANE):Destroy()
end


local library = loadstring(game:HttpGet("https://raw.githubusercontent.com/zazxa2133/awds/main/README.md"))() --someone reuploaded it so I put it in place of the original back up so guy can get free credit. --someone reuploaded it so I put it in place of the original back up so guy can get free credit.
local venyx = library.new(NANE, 5013109572)








local themes = {
Background = Color3.fromRGB(24, 24, 24),
Glow = Color3.fromRGB(0, 0, 0),
Accent = Color3.fromRGB(10, 10, 10),
LightContrast = Color3.fromRGB(20, 20, 20),
DarkContrast = Color3.fromRGB(14, 14, 14),  
TextColor = Color3.fromRGB(255, 255, 255)
}







OldWorld = false
newworld = false
treeworld = false
local placeId = game.PlaceId
if placeId == 2753915549 then
   OldWorld = true
elseif placeId == 4442272183 then
   newworld = true
elseif placeId ==  449423635  then
   treeworld = true
end

    function EquipWeapon(ToolSe)
        if game.Players.LocalPlayer.Backpack:FindFirstChild(ToolSe) then
           local tool = game.Players.LocalPlayer.Backpack:FindFirstChild(ToolSe)
           wait(.4)
           game.Players.LocalPlayer.Character.Humanoid:EquipTool(tool)
        end
     end

-- first page
local page = venyx:addPage("\224\184\173\224\184\173\224\185\130\224\184\149\224\185\137\224\184\159\224\184\178\224\184\161", 7040391851)
local section1 = page:addSection("\224\184\173\224\184\173\224\185\130\224\184\149\224\185\137\224\184\159\224\184\178\224\184\161\224\185\128\224\184\167\224\184\165")
local section2 = page:addSection("auto Boss")


-- sword : 7251993295
-- cart : 7294901968
-- person : 7252023075
-- devil : 7044284832
-- misc : 7044233235
-- teleport : 7044226690
-- stats : 7040410130
-- main :  7040391851
-- setting : 7040347038



section1:addToggle("\224\184\173\224\184\173\224\185\130\224\184\149\224\185\137\224\184\159\224\184\178\224\184\161\224\185\128\224\184\167\224\184\165", true, function(a)
    
_G.AUTOFARM = a

while _G.AUTOFARM do wait()
  pcall(function()
      
      
local LEVEL = game:GetService("Players").LocalPlayer.Data.Level.Value
if OldWorld then
   if LEVEL == 1 or LEVEL <= 9 then
      MON = "Bandit [Lv. 5]"
      QUESTNAME = "BanditQuest1"
      QUESTNUM = 1
      QUESTPOS = CFrame.new(1060.7056884766, 16.455068588257, 1547.9978027344)
      PUKPOS = CFrame.new(1097.2778320313, 66.485931396484, 1614.8713378906)
      QUESTTITLE = "Bandits"
  elseif LEVEL == 10 or LEVEL <= 14 then
      MON = "Monkey [Lv. 14]"
      QUESTNAME = "JungleQuest"
      QUESTNUM = 1
      QUESTPOS = CFrame.new(-1599.82532, 36.8521347, 153.959076, 0.00275422214, 5.1952032e-08, -0.999996185, 1.33985356e-08, 1, 5.1989133e-08, 0.999996185, -1.35416744e-08, 0.00275422214)
      PUKPOS = CFrame.new(-1610.2681884766, 20.852096557617, 144.16523742676)
      QUESTTITLE = "Monkey"
  elseif LEVEL == 15 or LEVEL <= 29 then
      MON = "Gorilla [Lv. 20]"
      QUESTNAME = "JungleQuest"
      QUESTNUM = 2
      QUESTPOS = CFrame.new(-1599.82532, 36.8521347, 153.959076, 0.00275422214, 5.1952032e-08, -0.999996185, 1.33985356e-08, 1, 5.1989133e-08, 0.999996185, -1.35416744e-08, 0.00275422214)
      PUKPOS = CFrame.new(-1278.3718261719, 18.62145614624, -423.06091308594)
      QUESTTITLE = "Gorilla"
  elseif LEVEL == 30 or LEVEL <= 39 then
      MON = "Pirate [Lv. 35]"
      QUESTNAME = "BuggyQuest1"
      QUESTNUM = 1
      QUESTPOS = CFrame.new(-1141.2176513672, 5.2773809432983, 3830.3137207031)
      PUKPOS = CFrame.new(-1186.5637207031, 4.2011165618896, 3906.8994140625)
      QUESTTITLE = "Pirate"
  elseif LEVEL == 40 or LEVEL <= 59 then
      MON = "Brute [Lv. 45]"
      QUESTNAME = "BuggyQuest1"
      QUESTNUM = 2
      QUESTPOS = CFrame.new(-1141.2176513672, 5.2773809432983, 3830.3137207031)
      PUKPOS = CFrame.new(-1146.49646, 96.0936813, 4312.1333, -0.978175163, -1.53222057e-08, 0.207781896, -3.33316912e-08, 1, -8.31738873e-08, -0.207781896, -8.82843523e-08, -0.978175163)
      QUESTTITLE = "Brute"
  elseif LEVEL == 60 or LEVEL <= 74 then
      MON = "Desert Bandit [Lv. 60]"
      QUESTNAME = "DesertQuest"
      QUESTNUM = 1
      QUESTPOS = CFrame.new(895.28356933594, 6.604202747345, 4390.9951171875)
      PUKPOS = CFrame.new(931.29064941406, 4.435818195343, 4480.7954101563)
      QUESTTITLE = "Desert Bandit"
  elseif LEVEL == 75 or LEVEL <= 89 then
      MON = "Desert Officer [Lv. 70]"
      QUESTNAME = "DesertQuest"
      QUESTNUM = 2
      QUESTPOS = CFrame.new(897.031128, 6.43846416, 4388.97168, -0.804044724, 3.68233266e-08, 0.594568789, 6.97835176e-08, 1, 3.24365246e-08, -0.594568789, 6.75715199e-08, -0.804044724)
      PUKPOS = CFrame.new(1580.03198, 4.61375761, 4366.86426, 0.135744005, -6.44280718e-08, -0.990743816, 4.35738308e-08, 1, -5.90598574e-08, 0.990743816, -3.51534837e-08, 0.135744005)
      QUESTTITLE = "Desert Officer"
  elseif LEVEL == 90 or LEVEL <= 99 then
      MON = "Snow Bandit [Lv. 90]"
      QUESTNAME = "SnowQuest"
      QUESTNUM = 1
      QUESTPOS = CFrame.new(1384.14001, 87.272789, -1297.06482, 0.348555952, -2.53947841e-09, -0.937287986, 1.49860568e-08, 1, 2.86358204e-09, 0.937287986, -1.50443711e-08, 0.348555952)
      PUKPOS = CFrame.new(1370.24316, 102.403511, -1411.52905, 0.980274439, -1.12995728e-08, 0.197641045, -9.57343449e-09, 1, 1.04655214e-07, -0.197641045, -1.04482936e-07, 0.980274439)
      QUESTTITLE = "Snow Bandit"
  elseif LEVEL == 100 or LEVEL <= 119 then
      MON = "Snowman [Lv. 100]"
      QUESTNAME = "SnowQuest"
      QUESTNUM = 2
      QUESTPOS = CFrame.new(1384.14001, 87.272789, -1297.06482, 0.348555952, -2.53947841e-09, -0.937287986, 1.49860568e-08, 1, 2.86358204e-09, 0.937287986, -1.50443711e-08, 0.348555952)
      PUKPOS = CFrame.new(1370.24316, 102.403511, -1411.52905, 0.980274439, -1.12995728e-08, 0.197641045, -9.57343449e-09, 1, 1.04655214e-07, -0.197641045, -1.04482936e-07, 0.980274439)
      QUESTTITLE = "Snowman"
  elseif LEVEL == 120 or LEVEL <= 149 then
      MON = "Chief Petty Officer [Lv. 120]"
      QUESTNAME = "MarineQuest2"
      QUESTNUM = 1
      QUESTPOS = CFrame.new(-5035.0835, 28.6520386, 4325.29443, 0.0243340395, -7.08064647e-08, 0.999703884, -6.36926814e-08, 1, 7.23777944e-08, -0.999703884, -6.54350671e-08, 0.0243340395)
      PUKPOS = CFrame.new(-4882.8623, 22.6520386, 4255.53516, 0.273695946, -5.40380647e-08, -0.96181643, 4.37720793e-08, 1, -4.37274998e-08, 0.96181643, -3.01326679e-08, 0.273695946)
      QUESTTITLE = "Chief Petty Officer"
  elseif LEVEL == 150 or LEVEL <= 174 then
      MON = "Sky Bandit [Lv. 150]"
      QUESTNAME = "SkyQuest"
      QUESTNUM = 1
      QUESTPOS = CFrame.new(-4841.83447, 717.669617, -2623.96436, -0.875942111, 5.59710216e-08, -0.482416272, 3.04023082e-08, 1, 6.08195947e-08, 0.482416272, 3.86078725e-08, -0.875942111)
      PUKPOS = CFrame.new(-4970.74219, 294.544342, -2890.11353, -0.994874597, -8.61311236e-08, -0.101116329, -9.10836206e-08, 1, 4.43614923e-08, 0.101116329, 5.33441664e-08, -0.994874597)
      QUESTTITLE = "Sky Bandit"
  elseif LEVEL == 175 or LEVEL <= 224 then
      MON = "Dark Master [Lv. 175]"
      QUESTNAME = "SkyQuest"
      QUESTNUM = 2
      QUESTPOS = CFrame.new(-4841.83447, 717.669617, -2623.96436, -0.875942111, 5.59710216e-08, -0.482416272, 3.04023082e-08, 1, 6.08195947e-08, 0.482416272, 3.86078725e-08, -0.875942111)
      PUKPOS = CFrame.new(-5220.58594, 430.693298, -2278.17456, -0.925375521, 1.12086873e-08, 0.379051805, -1.05115507e-08, 1, -5.52320891e-08, -0.379051805, -5.50948407e-08, -0.925375521)
      QUESTTITLE = "Dark Master"
  elseif LEVEL == 255 or LEVEL <= 274 then
      MON = "Toga Warrior [Lv. 225]"
      QUESTNAME = "ColosseumQuest"
      QUESTNUM = 1
      QUESTPOS = CFrame.new(-1576.11743, 7.38933945, -2983.30762, 0.576966345, 1.22114863e-09, 0.816767931, -3.58496594e-10, 1, -1.24185606e-09, -0.816767931, 4.2370063e-10, 0.576966345)
      PUKPOS = CFrame.new(-1779.97583, 44.6077499, -2736.35474, 0.984437346, 4.10396339e-08, 0.175734788, -3.62286876e-08, 1, -3.05844168e-08, -0.175734788, 2.3741821e-08, 0.984437346)
      QUESTTITLE = "Toga Warrior"
  elseif LEVEL == 275 or LEVEL <= 299 then
      MON = "Gladiator [Lv. 275]"
      QUESTNAME = "ColosseumQuest"
      QUESTNUM = 2
      QUESTPOS = CFrame.new(-1576.11743, 7.38933945, -2983.30762, 0.576966345, 1.22114863e-09, 0.816767931, -3.58496594e-10, 1, -1.24185606e-09, -0.816767931, 4.2370063e-10, 0.576966345)
      PUKPOS = CFrame.new(-1779.97583, 44.6077499, -2736.35474, 0.984437346, 4.10396339e-08, 0.175734788, -3.62286876e-08, 1, -3.05844168e-08, -0.175734788, 2.3741821e-08, 0.984437346)
      QUESTTITLE = "Gladiator"
  elseif LEVEL == 300 or LEVEL <= 329 then -- Military Soldier
      MON = "Military Soldier [Lv. 300]"
      QUESTNAME = "MagmaQuest"
      QUESTNUM = 1
      QUESTTITLE = "Military Soldier"
      QUESTPOS = CFrame.new(-5316.55859, 12.2370615, 8517.2998, 0.588437557, -1.37880001e-08, -0.808542669, -2.10116209e-08, 1, -3.23446478e-08, 0.808542669, 3.60215964e-08, 0.588437557)
      PUKPOS = CFrame.new(-5363.01123, 41.5056877, 8548.47266, -0.578253984, -3.29503091e-10, 0.815856814, 9.11209668e-08, 1, 6.498761e-08, -0.815856814, 1.11920997e-07, -0.578253984)
  elseif LEVEL == 300 or LEVEL <= 374 then -- Military Spy
      MON = "Military Spy [Lv. 330]"
      QUESTNAME = "MagmaQuest"
      QUESTNUM = 2
      QUESTTITLE = "Military Spy"
      QUESTPOS = CFrame.new(-5316.55859, 12.2370615, 8517.2998, 0.588437557, -1.37880001e-08, -0.808542669, -2.10116209e-08, 1, -3.23446478e-08, 0.808542669, 3.60215964e-08, 0.588437557)
      PUKPOS = CFrame.new(-5787.99023, 120.864456, 8762.25293, -0.188358366, -1.84706277e-08, 0.982100308, -1.23782129e-07, 1, -4.93306951e-09, -0.982100308, -1.22495649e-07, -0.188358366)
   elseif LEVEL == 375 or LEVEL <= 399 then -- Fishman Warrior
      MON = "Fishman Warrior [Lv. 375]"
      QUESTNAME = "FishmanQuest"
      QUESTNUM = 1
      QUESTTITLE = "Fishman Warrior"
      QUESTPOS = CFrame.new(61122.5625, 18.4716396, 1568.16504, 0.893533468, 3.95251609e-09, 0.448996574, -2.34327455e-08, 1, 3.78297464e-08, -0.448996574, -4.43233645e-08, 0.893533468)
      PUKPOS = CFrame.new(60946.6094, 48.6735229, 1525.91687, -0.0817126185, 8.90751153e-08, 0.996655822, 2.00889794e-08, 1, -8.77269599e-08, -0.996655822, 1.28533992e-08, -0.0817126185)
   elseif LEVEL == 400 or LEVEL <= 449 then -- Fishman Commando
      MON = "Fishman Commando [Lv. 400]"
      QUESTNAME = "FishmanQuest"
      QUESTNUM = 2
      QUESTTITLE = "Fishman Commando"
      QUESTPOS = CFrame.new(61122.5625, 18.4716396, 1568.16504, 0.893533468, 3.95251609e-09, 0.448996574, -2.34327455e-08, 1, 3.78297464e-08, -0.448996574, -4.43233645e-08, 0.893533468)
      PUKPOS = CFrame.new(61885.5039, 18.4828243, 1504.17896, 0.577502489, 0, -0.816389024, -0, 1.00000012, -0, 0.816389024, 0, 0.577502489)
   elseif LEVEL == 450 or LEVEL <= 474 then -- God's Guards
      MON = "God's Guard [Lv. 450]"
      QUESTNAME = "SkyExp1Quest"
      QUESTNUM = 1
      QUESTTITLE = "God's Guards"
      QUESTPOS = CFrame.new(-4721.71436, 845.277161, -1954.20105, -0.999277651, -5.56969759e-09, 0.0380011722, -4.14751478e-09, 1, 3.75035256e-08, -0.0380011722, 3.73188307e-08, -0.999277651)
      PUKPOS = CFrame.new(-4716.95703, 853.089722, -1933.92542, -0.93441087, -6.77488776e-09, -0.356197298, 1.12145182e-08, 1, -4.84390199e-08, 0.356197298, -4.92565206e-08, -0.93441087)
   elseif LEVEL == 475 or LEVEL <= 524 then -- Shandas
      MON = "Shanda [Lv. 475]"
      QUESTNAME = "SkyExp1Quest"
      QUESTNUM = 2
      QUESTTITLE = "Shandas"
      QUESTPOS = CFrame.new(-7863.63672, 5545.49316, -379.826324, 0.362120807, -1.98046344e-08, -0.93213129, 4.05822291e-08, 1, -5.48095125e-09, 0.93213129, -3.58431969e-08, 0.362120807)
      PUKPOS = CFrame.new(-7685.12354, 5601.05127, -443.171509, 0.150056243, 1.79768236e-08, -0.988677442, 6.67798661e-09, 1, 1.91962481e-08, 0.988677442, -9.48289181e-09, 0.150056243)
   elseif LEVEL == 525 or LEVEL <= 549 then -- Royal Squad
      MON = "Royal Squad [Lv. 525]"
      QUESTNAME = "SkyExp2Quest"
      QUESTNUM = 1
      QUESTTITLE = "Royal Squad"
      QUESTPOS = CFrame.new(-7902.66895, 5635.96387, -1411.71802, 0.0504222959, 2.5710392e-08, 0.998727977, 1.12541557e-07, 1, -3.14249675e-08, -0.998727977, 1.13982921e-07, 0.0504222959)
      PUKPOS = CFrame.new(-7685.02051, 5606.87842, -1442.729, 0.561947823, 7.69527464e-09, -0.827172697, -4.24974544e-09, 1, 6.41599973e-09, 0.827172697, -9.01838604e-11, 0.561947823)
   elseif LEVEL == 550 or LEVEL <= 624 then -- Royal Soldier
      MON = "Royal Soldier [Lv. 550]"
      QUESTNAME = "SkyExp2Quest"
      QUESTNUM = 2
      QUESTPOS = "Royal Soldier"
      QUESTPOS = CFrame.new(-7902.66895, 5635.96387, -1411.71802, 0.0504222959, 2.5710392e-08, 0.998727977, 1.12541557e-07, 1, -3.14249675e-08, -0.998727977, 1.13982921e-07, 0.0504222959)
      PUKPOS = CFrame.new(-7864.44775, 5661.94092, -1708.22351, 0.998389959, 2.28686137e-09, -0.0567218624, 1.99431383e-09, 1, 7.54200258e-08, 0.0567218624, -7.54117195e-08, 0.998389959)
   elseif LEVEL == 625 or LEVEL <= 649 then -- Galley Pirate
      MON = "Galley Pirate [Lv. 625]"
      QUESTNAME = "FountainQuest"
      QUESTNUM = 1
      QUESTPOS = "Galley Pirate"
      QUESTPOS = CFrame.new(5254.60156, 38.5011406, 4049.69678, -0.0504891425, -3.62066501e-08, -0.998724639, -9.87921389e-09, 1, -3.57534553e-08, 0.998724639, 8.06145284e-09, -0.0504891425)
      PUKPOS = CFrame.new(5595.06982, 41.5013695, 3961.47095, -0.992138803, -2.11610267e-08, -0.125142589, -1.34249509e-08, 1, -6.26613996e-08, 0.125142589, -6.04887518e-08, -0.992138803)
   elseif LEVEL >= 650 then -- Galley Captain
      MON = "Galley Captain [Lv. 650]"
      QUESTNAME = "FountainQuest"
      QUESTNUM = 2
      QUESTTITLE = "Galley Captain"
      QUESTPOS = CFrame.new(5254.60156, 38.5011406, 4049.69678, -0.0504891425, -3.62066501e-08, -0.998724639, -9.87921389e-09, 1, -3.57534553e-08, 0.998724639, 8.06145284e-09, -0.0504891425)
      PUKPOS = CFrame.new(5658.5752, 38.5361786, 4928.93506, -0.996873081, 2.12391046e-06, -0.0790185928, 2.16989656e-06, 1, -4.96097414e-07, 0.0790185928, -6.66008248e-07, -0.996873081)  
  end
end
if newworld then
   if LEVEL == 700 or LEVEL <= 724 then -- Raider [Lv. 700]
      MON = "Raider [Lv. 700]"
      QUESTNAME = "Area1Quest"
      QUESTNUM = 1
      QUESTTITLE = "Raider"
      QUESTPOS = CFrame.new(-424.080078, 73.0055847, 1836.91589, 0.253544956, -1.42165932e-08, 0.967323601, -6.00147771e-08, 1, 3.04272909e-08, -0.967323601, -6.5768397e-08, 0.253544956)
      PUKPOS = CFrame.new(-737.026123, 39.1748352, 2392.57959, 0.272128761, 0, -0.962260842, -0, 1, -0, 0.962260842, 0, 0.272128761)
   elseif LEVEL == 725 or LEVEL <= 774 then -- Mercenary [Lv. 725]
      MON = "Mercenary [Lv. 725]"
      QUESTNAME = "Area1Quest"
      QUESTNUM = 2
      QUESTTITLE = "Mercenary"
      QUESTPOS = CFrame.new(-424.080078, 73.0055847, 1836.91589, 0.253544956, -1.42165932e-08, 0.967323601, -6.00147771e-08, 1, 3.04272909e-08, -0.967323601, -6.5768397e-08, 0.253544956)
      PUKPOS = CFrame.new(-973.731995, 95.8733215, 1836.46936, 0.999135971, 2.02326991e-08, -0.0415605344, -1.90767793e-08, 1, 2.82094952e-08, 0.0415605344, -2.73922804e-08, 0.999135971)
   elseif LEVEL == 775 or LEVEL <= 799 then -- Swan Pirate [Lv. 775]
      MON = "Swan Pirate [Lv. 775]"
      QUESTNAME = "Area2Quest"
      QUESTNUM = 1
      QUESTTITLE = "Swan Pirate"
      QUESTPOS = CFrame.new(632.698608, 73.1055908, 918.666321, -0.0319722369, 8.96074881e-10, -0.999488771, 1.36326533e-10, 1, 8.92172336e-10, 0.999488771, -1.07732087e-10, -0.0319722369)
      PUKPOS = CFrame.new(970.369446, 142.653198, 1217.3667, 0.162079468, -4.85452638e-08, -0.986777723, 1.03357589e-08, 1, -4.74980872e-08, 0.986777723, -2.50063148e-09, 0.162079468)
   elseif LEVEL == 800 or LEVEL <= 874 then -- Factory Staff [Lv. 800]
      MON = "Factory Staff [Lv. 800]"
      QUESTNAME = "Area2Quest"
      QUESTNUM = 2
      QUESTTITLE = "Factory Staff"
      QUESTPOS = CFrame.new(632.698608, 73.1055908, 918.666321, -0.0319722369, 8.96074881e-10, -0.999488771, 1.36326533e-10, 1, 8.92172336e-10, 0.999488771, -1.07732087e-10, -0.0319722369)
      PUKPOS = CFrame.new(296.786499, 72.9948196, -57.1298141, -0.876037002, -5.32364979e-08, 0.482243896, -3.87658332e-08, 1, 3.99718729e-08, -0.482243896, 1.63222538e-08, -0.876037002)
   elseif LEVEL == 875 or LEVEL <= 899 then -- Marine Lieutenant [Lv. 875]
      MON = "Marine Lieutenant [Lv. 875]"
      QUESTNAME = "MarineQuest3"
      QUESTNUM = 1
      QUESTTITLE = "Marine Lieutenant"
      QUESTPOS = CFrame.new(-2442.65015, 73.0511475, -3219.11523, -0.873540044, 4.2329841e-08, -0.486752301, 5.64383384e-08, 1, -1.43220786e-08, 0.486752301, -3.99823996e-08, -0.873540044)
      PUKPOS = CFrame.new(-2913.26367, 73.0011826, -2971.64282, 0.910507619, 0, 0.413492233, 0, 1.00000012, 0, -0.413492233, 0, 0.910507619)
   elseif LEVEL == 900 or LEVEL <= 949 then -- Marine Captain [Lv. 900]
      MON = "Marine Captain [Lv. 900]"
      QUESTNAME = "MarineQuest3"
      QUESTNUM = 2
      QUESTTITLE = "Marine Captain"
      QUESTPOS = CFrame.new(-2442.65015, 73.0511475, -3219.11523, -0.873540044, 4.2329841e-08, -0.486752301, 5.64383384e-08, 1, -1.43220786e-08, 0.486752301, -3.99823996e-08, -0.873540044)
      PUKPOS = CFrame.new(-1868.67688, 73.0011826, -3321.66333, -0.971402287, 1.06502087e-08, 0.237439692, 3.68856199e-08, 1, 1.06050372e-07, -0.237439692, 1.11775684e-07, -0.971402287)
   elseif LEVEL == 950 or LEVEL <= 974 then -- Zombie [Lv. 950]
      MON = "Zombie [Lv. 950]"
      QUESTNAME = "ZombieQuest"
      QUESTNUM = 1
      QUESTTITLE = "Zombie"
      QUESTPOS = CFrame.new(-5492.79395, 48.5151672, -793.710571, 0.321800292, -6.24695815e-08, 0.946807742, 4.05616092e-08, 1, 5.21931227e-08, -0.946807742, 2.16082796e-08, 0.321800292)
      PUKPOS = CFrame.new(-5634.83838, 126.067039, -697.665039, -0.992770672, 6.77618939e-09, 0.120025545, 1.65461245e-08, 1, 8.04023372e-08, -0.120025545, 8.18070234e-08, -0.992770672)
   elseif LEVEL == 975 or LEVEL <= 999 then -- Vampire [Lv. 975]
      MON = "Vampire [Lv. 975]"
      QUESTNAME = "ZombieQuest"
      QUESTNUM = 2
      QUESTTITLE = "Vampire"
      QUESTPOS = CFrame.new(-5492.79395, 48.5151672, -793.710571, 0.321800292, -6.24695815e-08, 0.946807742, 4.05616092e-08, 1, 5.21931227e-08, -0.946807742, 2.16082796e-08, 0.321800292)
      PUKPOS = CFrame.new(-6030.32031, 6.4377408, -1313.5564, -0.856965423, 3.9138893e-08, -0.515373945, -1.12178942e-08, 1, 9.45958547e-08, 0.515373945, 8.68467822e-08, -0.856965423)
   elseif LEVEL == 1000 or LEVEL <= 1049 then -- Snow Trooper [Lv. 1000] **
      MON = "Snow Trooper [Lv. 1000]"
      QUESTNAME = "SnowMountainQuest"
      QUESTNUM = 1
      QUESTTITLE = "Snow Trooper"
      QUESTPOS = CFrame.new(604.964966, 401.457062, -5371.69287, 0.353063971, 1.89520435e-08, -0.935599446, -5.81846002e-08, 1, -1.70033754e-09, 0.935599446, 5.50377841e-08, 0.353063971)
      PUKPOS = CFrame.new(535.893433, 401.457062, -5329.6958, -0.999524176, 0, 0.0308452044, 0, 1, -0, -0.0308452044, 0, -0.999524176)
   elseif LEVEL == 1050 or LEVEL <= 1099 then -- Winter Warrior [Lv. 1050]
      MON = "Winter Warrior [Lv. 1050]"
      QUESTNAME = "SnowMountainQuest"
      QUESTNUM = 2
      QUESTTITLE = "Winter Warrior"
      QUESTPOS = CFrame.new(604.964966, 401.457062, -5371.69287, 0.353063971, 1.89520435e-08, -0.935599446, -5.81846002e-08, 1, -1.70033754e-09, 0.935599446, 5.50377841e-08, 0.353063971)
      PUKPOS = CFrame.new(1223.7417, 454.575226, -5170.02148, 0.473996818, 2.56845354e-08, 0.880526543, -5.62456428e-08, 1, 1.10811016e-09, -0.880526543, -5.00510211e-08, 0.473996818)
   elseif LEVEL == 1100 or LEVEL <= 1124 then -- Lab Subordinate [Lv. 1100]
      MON = "Lab Subordinate [Lv. 1100]"
      QUESTNAME = "IceSideQuest"
      QUESTNUM = 1
      QUESTTITLE = "Lab Subordinate"
      QUESTPOS = CFrame.new(-6060.10693, 15.9868021, -4904.7876, -0.411000341, -5.06538868e-07, 0.91163528, 1.26306062e-07, 1, 6.12581289e-07, -0.91163528, 3.66916197e-07, -0.411000341)
      PUKPOS = CFrame.new(-5769.2041, 37.9288292, -4468.38721, -0.569419742, -2.49055017e-08, 0.822046936, -6.96206541e-08, 1, -1.79282633e-08, -0.822046936, -6.74401548e-08, -0.569419742)
   elseif LEVEL == 1125 or LEVEL <= 1174 then -- Horned Warrior [Lv. 1125]
      MON = "Horned Warrior [Lv. 1125]"
      QUESTNAME = "IceSideQuest"
      QUESTNUM = 2
      QUESTTITLE = "Horned Warrior"
      QUESTPOS = CFrame.new(-6060.10693, 15.9868021, -4904.7876, -0.411000341, -5.06538868e-07, 0.91163528, 1.26306062e-07, 1, 6.12581289e-07, -0.91163528, 3.66916197e-07, -0.411000341)
      PUKPOS = CFrame.new(-6400.85889, 24.7645149, -5818.63574, -0.964845479, 8.65926566e-08, -0.262817472, 3.98261392e-07, 1, -1.13260398e-06, 0.262817472, -1.19745812e-06, -0.964845479)
   elseif LEVEL == 1175 or LEVEL <= 1199 then -- Magma Ninja [Lv. 1175]
      MON = "Magma Ninja [Lv. 1175]"
      QUESTNAME = "FireSideQuest"
      QUESTNUM = 1
      QUESTTITLE = "Magma Ninja"
      QUESTPOS = CFrame.new(-5431.09473, 15.9868021, -5296.53223, 0.831796765, 1.15322464e-07, -0.555080295, -1.10814341e-07, 1, 4.17010995e-08, 0.555080295, 2.68240168e-08, 0.831796765)
      PUKPOS = CFrame.new(-5496.65576, 58.6890411, -5929.76855, -0.885073781, 0, -0.465450764, 0, 1.00000012, -0, 0.465450764, 0, -0.885073781)
   elseif LEVEL == 1200 or LEVEL <= 1249 then -- Lava Pirate [Lv. 1200]
      MON = "Lava Pirate [Lv. 1200]"
      QUESTNAME = "FireSideQuest"
      QUESTNUM = 2
      QUESTTITLE = "Lava Pirate"
      QUESTPOS = CFrame.new(-5431.09473, 15.9868021, -5296.53223, 0.831796765, 1.15322464e-07, -0.555080295, -1.10814341e-07, 1, 4.17010995e-08, 0.555080295, 2.68240168e-08, 0.831796765)
      PUKPOS = CFrame.new(-5169.71729, 34.1234779, -4669.73633, -0.196780294, 0, 0.98044765, 0, 1.00000012, -0, -0.98044765, 0, -0.196780294)
   elseif LEVEL == 1250 or LEVEL <= 1274 then -- Ship Deckhand [Lv. 1250]
      MON = "Ship Deckhand [Lv. 1250]"
      QUESTNAME = "ShipQuest1"
      QUESTNUM = 1
      QUESTTITLE = "Ship Deckhand"
      QUESTPOS = CFrame.new(1037.80127, 125.092171, 32911.6016, -0.244533166, -0, -0.969640911, -0, 1.00000012, -0, 0.96964103, 0, -0.244533136)
      PUKPOS = CFrame.new(1163.80872, 138.288452, 33058.4258, -0.998580813, 5.49076979e-08, -0.0532564968, 5.57436763e-08, 1, -1.42118655e-08, 0.0532564968, -1.71604082e-08, -0.998580813)
   elseif LEVEL == 1275 or LEVEL <= 1299 then -- Ship Engineer [Lv. 1275]
      MON = "Ship Engineer [Lv. 1275]"
      QUESTNAME = "ShipQuest1"
      QUESTNUM = 2
      QUESTTITLE = "Ship Engineer"
      QUESTPOS = CFrame.new(1037.80127, 125.092171, 32911.6016, -0.244533166, -0, -0.969640911, -0, 1.00000012, -0, 0.96964103, 0, -0.244533136)
      PUKPOS = CFrame.new(916.666504, 44.0920448, 32917.207, -0.99746871, -4.85034697e-08, -0.0711069331, -4.8925461e-08, 1, 4.19294288e-09, 0.0711069331, 7.66126895e-09, -0.99746871)
   elseif LEVEL == 1300 or LEVEL <= 1324 then -- Ship Steward [Lv. 1300]
      MON = "Ship Steward [Lv. 1300]"
      QUESTNAME = "ShipQuest2"
      QUESTNUM = 1
      QUESTTITLE = "Ship Steward"
      QUESTPOS = CFrame.new(968.80957, 125.092171, 33244.125, -0.869560242, 1.51905191e-08, -0.493826836, 1.44108379e-08, 1, 5.38534195e-09, 0.493826836, -2.43357912e-09, -0.869560242)
      PUKPOS = CFrame.new(918.743286, 129.591064, 33443.4609, -0.999792814, -1.7070947e-07, -0.020350717, -1.72559169e-07, 1, 8.91351277e-08, 0.020350717, 9.2628369e-08, -0.999792814)
   elseif LEVEL == 1325 or LEVEL <= 1349 then -- Ship Officer [Lv. 1325]
      MON = "Ship Officer [Lv. 1325]"
      QUESTNAME = "ShipQuest2"
      QUESTNUM = 2
      QUESTTITLE = "Ship Officer"
      QUESTPOS = CFrame.new(968.80957, 125.092171, 33244.125, -0.869560242, 1.51905191e-08, -0.493826836, 1.44108379e-08, 1, 5.38534195e-09, 0.493826836, -2.43357912e-09, -0.869560242)
      PUKPOS = CFrame.new(786.051941, 181.474106, 33303.2969, 0.999285698, -5.32193063e-08, 0.0377905183, 5.68968588e-08, 1, -9.62386864e-08, -0.0377905183, 9.83201005e-08, 0.999285698)
   elseif LEVEL == 1350 or LEVEL <= 1374 then -- Arctic Warrior [Lv. 1350]
      MON = "Arctic Warrior [Lv. 1350]"
      QUESTNAME = "FrostQuest"
      QUESTNUM = 1
      QUESTTITLE = "Arctic Warrior"
      QUESTPOS = CFrame.new(5669.43506, 28.2117786, -6482.60107, 0.888092756, 1.02705066e-07, 0.459664226, -6.20391774e-08, 1, -1.03572376e-07, -0.459664226, 6.34646895e-08, 0.888092756)
      PUKPOS = CFrame.new(5995.07471, 57.3188477, -6183.47314, 0.702747107, -1.53454167e-07, -0.711440146, -1.08168464e-07, 1, -3.22542007e-07, 0.711440146, 3.03620908e-07, 0.702747107)
   elseif LEVEL == 1375 or LEVEL <= 1424 then -- Snow Lurker [Lv. 1375]
      MON = "Snow Lurker [Lv. 1375]"
      QUESTNAME = "FrostQuest"
      QUESTNUM = 2
      QUESTTITLE = "Snow Lurker"
      QUESTPOS = CFrame.new(5669.43506, 28.2117786, -6482.60107, 0.888092756, 1.02705066e-07, 0.459664226, -6.20391774e-08, 1, -1.03572376e-07, -0.459664226, 6.34646895e-08, 0.888092756)
      PUKPOS = CFrame.new(5518.00684, 60.5559731, -6828.80518, -0.650781393, -3.64292951e-08, 0.759265184, -4.07668654e-09, 1, 4.44854642e-08, -0.759265184, 2.58550248e-08, -0.650781393)
    elseif LEVEL == 1425 or LEVEL <= 1449 then -- Sea Soldier [Lv. 1425]
       MON = "Sea Soldier [Lv. 1425]"
       QUESTNAME = "ForgottenQuest"
       QUESTNUM = 1
       QUESTTITLE = "Sea Soldier"
       QUESTPOS = CFrame.new(-3052.99097, 236.881363, -10148.1943, -0.997911751, 4.42321983e-08, 0.064591676, 4.90968759e-08, 1, 7.37270085e-08, -0.064591676, 7.67442998e-08, -0.997911751)
       PUKPOS = CFrame.new(-3029.78467, 66.944252, -9777.38184, -0.998552859, 1.09555076e-08, 0.0537791774, 7.79564235e-09, 1, -5.89660658e-08, -0.0537791774, -5.84614881e-08, -0.998552859)
    elseif LEVEL >= 1450 then -- Water Fighter [Lv. 1450]
       MON = "Water Fighter [Lv. 1450]"
       QUESTNAME = "ForgottenQuest"
       QUESTNUM = 2
       QUESTTITLE = "Water Fighter"
       QUESTPOS = CFrame.new(-3052.99097, 236.881363, -10148.1943, -0.997911751, 4.42321983e-08, 0.064591676, 4.90968759e-08, 1, 7.37270085e-08, -0.064591676, 7.67442998e-08, -0.997911751)
       PUKPOS = CFrame.new(-3262.00098, 298.699615, -10553.6943, -0.233570755, -4.57538185e-08, 0.972339869, -5.80986068e-08, 1, 3.30992194e-08, -0.972339869, -4.87605725e-08, -0.233570755)
   end
end
if treeworld then
   if LEVEL == 1500 or LEVEL <= 1524 then
      MON = "Pirate Millionaire [Lv. 1500]"
      QUESTNAME = "PiratePortQuest"
      QUESTNUM = 1
      QUESTPOS = CFrame.new(-288.70492553711, 43.819011688232, 5575.2924804688)
      PUKPOS = CFrame.new(-434.32186889648, 190.93589782715, 5551.4946289063)
      QUESTTITLE = "Pirate Millionaire"
   elseif LEVEL == 1524 or LEVEL <= 2000 then
      MON = "Pirate Billionaires [Lv. 1525]"
      QUESTNAME = "PiratePortQuest"
      QUESTNUM = 1
      QUESTPOS = CFrame.new(-288.70492553711, 43.819011688232, 5575.2924804688)
      PUKPOS = CFrame.new(-434.32186889648, 190.93589782715, 5551.4946289063)
      QUESTTITLE = "Pirate Billionaires"
   end
end



if not string.find(game:GetService("Players").LocalPlayer.PlayerGui.Main.Quest.Container.QuestTitle.Title.Text,QUESTTITLE) then
local args = {
    [1] = "AbandonQuest"
}

game:GetService("ReplicatedStorage").Remotes.CommF_:InvokeServer(unpack(args))
end
    

if game:GetService("Players").LocalPlayer.PlayerGui.Main.Quest.Visible ~= true then
        game.Players.LocalPlayer.Character.HumanoidRootPart.CFrame = QUESTPOS
        wait(1)
local args = {
    [1] = "StartQuest",
    [2] = QUESTNAME,
    [3] = QUESTNUM
}

game:GetService("ReplicatedStorage").Remotes.CommF_:InvokeServer(unpack(args))
wait(.5)
game.Players.LocalPlayer.Character.HumanoidRootPart.CFrame = PUKPOS
end


for i,v in pairs(game:GetService("Workspace").Enemies:GetChildren()) do
    if v.Name == MON  then
        if v.Humanoid.Health <= 0 then
            game.Players.LocalPlayer.Character.HumanoidRootPart.CFrame = PUKPOS
            else
        game.Players.LocalPlayer.Character.HumanoidRootPart.CFrame = v.HumanoidRootPart.CFrame * CFrame.new(0,13,0)
        v.HumanoidRootPart.Size = Vector3.new(40,40,40)
        v.HumanoidRootPart.Transparency = 0.9
        v.HumanoidRootPart.CanCollide = false
        v.Humanoid.WalkSpeed = 0
        v.Humanoid.JumpPower = 0
        v.Humanoid:ChangeState(11)
        require(game:GetService("Players").LocalPlayer.PlayerScripts.CombatFramework).activeController.hitboxMagnitude = 60
        require(game:GetService("Players").LocalPlayer.PlayerScripts.CombatFramework.CameraShaker).CameraShakeInstance.CameraShakeState = {FadingIn = 3,FadingOut =  2,Sustained = 0,Inactive = 1} 
        require(game:GetService("Players").LocalPlayer.PlayerScripts.CombatFramework).activeController.timeToNextAttack = 0
        game:GetService'VirtualUser':CaptureController()
        game:GetService'VirtualUser':Button1Down(Vector2.new(1280, 672))
        game.Players.LocalPlayer.Character.Humanoid:ChangeState(11)
        end
        end
end


for i,v in pairs(game:GetService("Workspace").Enemies:GetChildren()) do

        for ii,vv in pairs(game:GetService("Workspace").Enemies:GetChildren()) do
        if v.Name == MON then
            if vv.Name == MON then
        vv.HumanoidRootPart.CFrame = v.HumanoidRootPart.CFrame
        sethiddenproperty(game.Players.LocalPlayer, "SimulationRadius", math.huge)
        vv.HumanoidRootPart.CanCollide = false
        end
        end
        end


-- open haki
if game.Players.LocalPlayer.Character:FindFirstChild("HasBuso") then
else
local args = {
    [1] = "Buso"
}
game:GetService("ReplicatedStorage").Remotes.CommF_:InvokeServer(unpack(args))
end
end 
end)
end
end)




local weapon = {}

for i,v in pairs(game.Players.LocalPlayer.Backpack:GetChildren()) do
   if v:IsA("Tool") then
       table.insert(weapon,v.Name)
    end
end

for i,v in pairs(game.Players.LocalPlayer.Character:GetChildren()) do
   if v:IsA("Tool") then
       table.insert(weapon,v.Name)
    end
end

local WeaponSelect = nil
section1:addDropdown("Select Weapon", weapon, function(text)
   WeaponSelect = text
end)


section1:addButton("Refresh Weapon", function()
table.clear(weapon)
for i,v in pairs(game.Players.LocalPlayer.Backpack:GetChildren()) do
   if v:IsA("Tool") then
       table.insert(weapon,v.Name)
    end
end

for i,v in pairs(game.Players.LocalPlayer.Character:GetChildren()) do
   if v:IsA("Tool") then
       table.insert(weapon,v.Name)
    end
end

end)

section1:addToggle("Auto Equipped", false, function(a)
_G.AUTOEQ = a

while _G.AUTOEQ do
EquipWeapon(WeaponSelect)
wait()
end
end)



section1:addToggle("Fast attack", true, function(lue)
    _G.a = lue

    while _G.a do wait()
    require(game:GetService("Players").LocalPlayer.PlayerScripts.CombatFramework.CameraShaker).CameraShakeInstance.CameraShakeState = {FadingIn = 3,FadingOut =  2,Sustained = 0,Inactive = 1} 
    require(game:GetService("Players").LocalPlayer.PlayerScripts.CombatFramework).activeController.timeToNextAttack = 0
    game:GetService'VirtualUser':CaptureController()
    game:GetService('VirtualUser'):ClickButton1(Vector2.new(851, 158), game:GetService("Workspace").Camera.CFrame)  
    end
end)
spawn(function()
    while wait(.1) do
       if InfinitsEnergy then
          wait(0.3)
          originalstam = LocalPlayer.Character.Energy.Value
          infinitestam()
       end
    end
end)
section1:addToggle("Auto Seber BETE!!!", false, function(a)
        game.Players.localPlayer.Character.HumanoidRootPart.CFrame = CFrame.new(-1179.8099365234, 20.769107849121, 188.85366821289)
        wait(.7)
        game.Players.localPlayer.Character.HumanoidRootPart.CFrame = CFrame.new(-1647.4993896484, 23.287137985229, 437.56655883789)
        wait(.7)
        game.Players.localPlayer.Character.HumanoidRootPart.CFrame = CFrame.new(-1324.1451416016, 29.0393409729, -460.19515991211)
        wait(.7)
        game.Players.localPlayer.Character.HumanoidRootPart.CFrame = CFrame.new(-1151.0494384766, 2.5970396995544, -700.33349609375)
        wait(.7)
        game.Players.localPlayer.Character.HumanoidRootPart.CFrame = CFrame.new(-1420.9715576172, 48.287101745605, 21.537881851196)
        wait(.7)
        game.Players.localPlayer.Character.HumanoidRootPart.CFrame = CFrame.new(-1608.0125732422, 12.087100982666, 160.95318603516)


        local args = {
            [1] = "ProQuestProgress",
            [2] = "GetTorch"
        }

        game:GetService("ReplicatedStorage").Remotes.CommF_:InvokeServer(unpack(args))

        wait(.7)

    local args = {
            [1] = "ProQuestProgress",
            [2] = "DestroyTorch"
        }

        game:GetService("ReplicatedStorage").Remotes.CommF_:InvokeServer(unpack(args))

        local args = {
            [1] = "ProQuestProgress"
        }

        game:GetService("ReplicatedStorage").Remotes.CommF_:InvokeServer(unpack(args))
        wait(.7)
        local toolname = "Torch" -- replace with the name of the tool
        local Plr = game:GetService("Players").LocalPlayer
        pcall(function()
            if Plr.Backpack:FindFirstChild(toolname) and Plr.Character:FindFirstChild(toolname) == nil then
                local tool = Plr.Backpack:FindFirstChild(toolname)
                Plr.Character.Humanoid:EquipTool(tool)
            end
        end)
        game.Players.localPlayer.Character.HumanoidRootPart.CFrame = CFrame.new(1111.6878662109, 4.9565072059631, 4362.9643554688)

        -- Script generated by SimpleSpy - credits to exx#9394

        local args = {
            [1] = "ProQuestProgress",
            [2] = "GetCup"
        }

        game:GetService("ReplicatedStorage").Remotes.CommF_:InvokeServer(unpack(args))
        wait(.7)
        local toolname = "Cup" -- replace with the name of the tool
        local Plr = game:GetService("Players").LocalPlayer
        pcall(function()
            if Plr.Backpack:FindFirstChild(toolname) and Plr.Character:FindFirstChild(toolname) == nil then
                local tool = Plr.Backpack:FindFirstChild(toolname)
                Plr.Character.Humanoid:EquipTool(tool)
            end
        end)
        game.Players.localPlayer.Character.HumanoidRootPart.CFrame = CFrame.new(1395.9603271484, 37.383026123047, -1320.8419189453)
        local ScreenGui = Instance.new("ScreenGui")
local GG = Instance.new("Frame")
local TextLabel = Instance.new("TextLabel")

--Properties:

ScreenGui.Parent = game.Players.LocalPlayer:WaitForChild("PlayerGui")

GG.Name = "GG"
GG.Parent = ScreenGui
GG.BackgroundColor3 = Color3.fromRGB(255, 255, 255)
GG.BackgroundTransparency = 1.000
GG.Position = UDim2.new(-0.0102827763, 0, 0, 0)
GG.Size = UDim2.new(0, 786, 0, 115)

TextLabel.Parent = GG
TextLabel.BackgroundColor3 = Color3.fromRGB(255, 255, 255)
TextLabel.BackgroundTransparency = 1.000
TextLabel.Position = UDim2.new(0.466921091, 0, 0, 0)
TextLabel.Size = UDim2.new(0, 564, 0, 115)
TextLabel.Font = Enum.Font.RobotoMono
TextLabel.Text = "GET WATER"
TextLabel.TextColor3 = Color3.fromRGB(0, 0, 0)
TextLabel.TextSize = 79.000
wait(10)
TextLabel.TextTransparency = 0
wait(10)
TextLabel.TextTransparency = 0
wait(0)
TextLabel.TextTransparency = 1

        wait(20)
        game.Players.localPlayer.Character.HumanoidRootPart.CFrame = CFrame.new(1458.0831298828, 88.287216186523, -1390.0690917969)

        -- Script generated by SimpleSpy - credits to exx#9394

        local args = {
            [1] = "ProQuestProgress",
            [2] = "SickMan"
        }

        game:GetService("ReplicatedStorage").Remotes.CommF_:InvokeServer(unpack(args))

        wait(.7)
        game.Players.localPlayer.Character.HumanoidRootPart.CFrame = CFrame.new(-909.16229248047, 13.787075996399, 4079.6918945313)
        -- Script generated by SimpleSpy - credits to exx#9394

        local args = {
            [1] = "ProQuestProgress",
        [2] = "RichSon"
        }

        game:GetService("ReplicatedStorage").Remotes.CommF_:InvokeServer(unpack(args))
        wait(.7)


        game.Players.localPlayer.Character.HumanoidRootPart.CFrame = CFrame.new(-2857.1047363281, 7.5973200798035, 5388.3022460938)
end)
section1:addToggle("Auto New World", false, function(vu)
    AutoNew = vu
 end)
 spawn(function()
    while wait(.1) do
       if AutoNew then
          local LEVEL = game.Players.localPlayer.Data.Level.Value
          if LEVEL >= 700 and OldWorld then
             AFM = false
             SelectToolWeapon = "Key"
             game.Players.LocalPlayer.Character.HumanoidRootPart.CFrame = CFrame.new(4849.29883, 5.65138149, 719.611877)
             wait(0.5)
             local args = {
                [1] = "DressrosaQuestProgress",
                [2] = "Detective"
             }
             game:GetService("ReplicatedStorage").Remotes.CommF_:InvokeServer(unpack(args))
             wait(0.5)
             if game.Players.LocalPlayer.Backpack:FindFirstChild("Key") then
